Simulation time=60.0
Simulation step=1.0
Simulation loops=60
# of nodes simulated=20

<Connected components> <#Nodes of largest Connected components>  <Diameter> <Max degree>
11 10 3 9 
11 10 4 9 
11 10 3 9 
11 10 3 9 
11 10 3 9 
11 10 5 9 
11 10 4 8 
10 11 5 8 
11 10 5 7 
11 9 3 7 
12 9 5 6 
11 9 4 6 
12 9 5 6 
12 8 3 6 
12 9 5 6 
14 7 3 5 
12 9 6 5 
14 7 3 5 
12 9 6 5 
14 7 3 5 
12 6 4 4 
14 7 4 4 
11 6 4 4 
16 4 2 4 
12 7 4 4 
15 6 3 4 
14 3 2 4 
15 4 2 3 
12 5 3 3 
15 4 3 3 
13 3 1 3 
14 5 3 3 
13 3 2 3 
15 5 3 3 
16 3 2 2 
18 2 1 2 
16 3 2 2 
18 2 1 2 
14 4 2 2 
19 2 1 2 
14 4 2 2 
18 2 1 2 
16 3 2 2 
18 2 1 2 
15 3 2 2 
18 2 1 2 
14 3 2 2 
18 2 1 2 
15 3 2 2 
19 2 1 2 
16 3 1 2 
19 2 1 1 
16 3 2 2 
19 2 1 1 
17 2 1 1 
18 3 1 2 
17 2 1 1 
18 2 1 1 
16 2 1 1 
17 2 1 1 
14 3 2 2 
